100
64 82
62 94
36 88
60 65
40 82
46 69
34 66
79 69
34 96
55 26
1 72
60 29
33 3
95 32
91 1
77 52
98 11
75 25
96 97
54 98
7 36
46 33
7 36
14 3
87 25
19 68
17 61
10 8
12 42
91 35
92 17
54 44
91 75
27 24
44 75
58 35
64 70
61 95
84 57
53 62
32 3
40 59
6 40
1 17
58 34
85 34
79 11
20 25
96 76
42 92
36 51
2 82
35 2
53 41
46 17
91 5
65 79
44 31
76 93
12 46
81 29
35 97
16 51
97 74
91 67
75 60
21 9
56 13
2 43
72 60
69 38
0 44
16 9
71 23
51 40
98 47
58 49
68 16
81 58
6 27
26 4
84 12
11 61
25 96
47 67
39 7
33 66
52 67
77 33
73 95
32 13
63 36
75 60
28 59
40 22
22 16
63 71
64 80
74 67
34 83
9 12
16 30
18 75
19 94
22 11
43 51
94 40
47 30
26 72
59 22
32 25
88 74
45 60
11 20
90 75
57 11
20 0
53 86
25 75
78 86
24 67
51 7
0 73
14 95
57 15
66 29
65 86
54 87
16 64
69 68
96 50
92 7
45 30
69 45
69 77
47 30
80 6
87 84
24 17
8 61
46 32
75 29
3 85
47 1
12 33
62 69
30 90
62 2
38 22
44 33
85 41
32 49
0 2
22 64
89 26
13 55
88 95
92 88
15 90
56 95
34 29
38 89
23 26
78 92
51 91
79 57
90 57
12 25
11 70
54 29
7 76
27 92
11 37
87 97
3 63
2 38
98 90
63 22
28 92
35 20
70 24
50 9
9 22
9 82
83 72
58 55
11 20
90 40
21 87
85 51
23 79
64 47
84 41
10 62
1 31
24 12
74 54
72 37
5 41
1 14
59 76
12 37
52 17
92 96
51 42
71 69
99 17
26 80
35 26
4 86
35 55
31 64
92 35
73 38
98 38
8 79
41 90
70 99
91 45
17 96
39 28
36 47
33 17
75 89
39 33
58 59
34 18
34 96
18 65
52 77
91 61
99 82
31 5
50 47
9 16
84 91
64 26
64 15
55 94
73 74
3 27
94 91
52 20
37 38
65 66
80 18
12 38
35 4
84 16
11 74
69 92
18 17
38 56
0 31
38 72
83 57
10 72
19 74
16 68
46 5
88 23
24 34
57 27
48 25
75 15
1 4
39 29
65 53
1 91
29 62
24 9
78 55
89 8
5 95
0 21
60 46
5 96
90 11
12 29
26 27
81 53
96 45
17 65
50 79
22 18
23 83
98 43
63 19
39 17
21 30
56 1
3 33
38 1
9 7
51 74
61 56
55 84
8 79
97 90
35 28
26 97
43 13
2 60
29 76
20 10
45 35
34 6
39 55
30 22
25 61
89 20
77 87
95 43
45 11
85 3
38 50
93 88
67 62
38 26
52 84
96 87
79 15
27 35
20 98
93 11
98 69
59 6
91 40
7 70
3 82
92 24
77 2
84 59
93 81
80 12
55 70
32 41
74 56
44 48
30 96
63 96
88 71
7 16
41 51
55 98
90 89
46 77
2 10
3 74
74 94
41 90
74 58
26 0
43 13
77 75
32 93
35 3
58 78
13 64
96 77
55 45
91 6
88 58
87 86
43 86
3 92
47 77
44 23
67 6
34 82
86 89
17 79
83 49
73 68
66 40
85 73
53 38
88 11
83 81
31 17
16 99
27 55
50 53
29 5
17 25
88 20
52 33
20 96
29 26
58 31
52 25
2 32
36 65
19 96
79 82
54 9
66 34
58 17
91 96
72 67
69 84
5 33
54 71
83 66
68 4
91 77
63 45
69 88
60 22
50 78
5 65
12 21
85 48
69 32
60 32
99 13
1 96
41 83
66 59
49 40
87 29
39 60
75 42
4 52
29 1
35 48
79 78
57 61
70 80
50 82
87 11
2 14
23 46
76 9
87 65
61 18
76 56
58 19
72 14
33 80
15 18
72 5
83 73
50 61
55 42
19 77
71 36
71 97
85 46
15 90
77 98
9 36
98 9
60 30
59 32
42 16
62 66
64 63
55 95
25 1
42 58
94 32
36 99
99 39
57 9
92 96
89 4
73 22
77 72
86 89
66 96
94 12
71 43
63 25
65 47
84 17
81 48
93 7
22 44
43 97
90 58
37 34
45 81
7 1
46 13
66 4
91 14
41 33
60 83
13 20
96 92
98 2
14 16
83 26
25 27
37 20
12 4
33 25
10 80
80 47
79 21
5 75
1 91
83 17
11 93
31 86
72 88
15 6
24 22
12 70
81 65
39 42
0 77
75 47
49 41
41 98
10 70
60 46
47 57
88 6
79 69
79 36
9 66
55 67
75 79
89 29
11 8
40 65
32 24
45 70
1 40
28 5
77 10
14 62
72 2
1 23
56 51
7 67
20 90
30 92
24 30
0 69
73 34
72 88
61 93
30 40
38 53
3 32
30 79
79 22
61 84