100
89 46
14 63
7 90
66 21
78 4
36 47
11 45
26 83
84 1
12 61
65 13
12 49
31 26
58 30
9 47
32 35
4 26
55 4
47 15
56 98
27 12
96 98
84 51
24 1
73 46
49 19
32 6
52 47
55 3
14 76
28 61
13 94
9 82
5 65
44 9
87 53
71 47
81 31
80 25
15 62
78 0
27 43
38 71
26 55
95 21
16 36
61 31
71 24
21 45
72 36
23 50
84 22
58 43
99 15
59 52
4 72
94 6
58 65
75 73
13 85
33 94
18 79
62 6
94 83
1 13
91 41
38 60
89 9
24 95
54 84
98 94
5 93
77 28
7 5
75 30
4 57
11 24
38 0
62 65
66 1
91 45
45 60
83 37
75 54
70 43
30 56
95 89
8 24
79 78
68 43
82 36
97 95
44 46
79 66
9 31
55 41
73 25
95 74
72 87
11 29
62 7
64 2
4 68
36 65
52 48
31 64
57 34
96 28
76 8
45 19
75 54
34 71
34 73
78 21
32 65
92 27
82 55
15 94
11 27
37 24
57 26
23 90
82 68
27 18
79 7
4 82
85 1
69 51
37 50
58 99
75 79
97 26
28 23
26 72
2 74
51 1
24 28
56 99
15 58
43 87
37 89
76 40
37 4
86 65
53 62
68 23
29 97
72 52
14 80
87 84
12 13
54 60
15 83
70 2
55 56
17 22
3 71
62 51
8 12
68 14
7 36
35 24
68 84
39 68
93 75
97 20
51 42
44 33
69 83
37 23
71 39
83 14
44 48
23 35
63 88
32 11
66 76
39 82
94 54
11 93
92 19
74 60
96 21
37 92
74 14
63 49
39 86
31 45
32 40
49 67
83 81
28 36
67 15
15 8
40 50
50 86
44 34
57 15
51 31
45 35
75 51
32 56
96 91
2 40
69 82
94 38
28 3
72 25
5 27
65 59
35 12
13 55
94 47
19 47
2 50
20 54
26 34
61 7
42 54
92 15
71 77
66 54
46 48
71 66
97 17
91 2
28 97
34 40
96 62
89 99
23 88
55 5
26 36
36 13
25 64
29 46
2 55
41 18
98 47
4 11
65 62
20 77
66 59
47 5
68 99
98 71
37 56
32 92
70 15
7 60
5 83
77 85
66 47
99 34
82 60
45 32
6 24
76 52
74 98
84 10
58 3
4 19
80 3
44 53
16 71
55 29
60 96
91 22
37 94
56 51
37 30
61 9
15 67
28 27
77 24
50 11
92 51
97 63
0 99
92 25
33 55
33 69
42 44
18 86
17 2
91 53
13 75
93 88
62 42
61 47
67 49
45 34
47 75
34 89
67 71
36 62
73 2
81 75
77 0
89 51
79 80
39 89
61 13
95 34
40 6
4 67
53 76
92 60
12 62
9 98
1 38
28 74
70 71
92 11
6 89
0 71
36 82
84 51
91 60
59 89
19 76
52 77
62 60
28 36
8 76
30 78
72 29
82 61
79 9
4 55
83 8
89 8
78 93
61 25
18 77
7 17
59 91
16 51
9 17
52 37
57 53
26 70
95 9
23 61
30 25
7 43
46 20
94 5
13 99
44 67
22 40
70 5
73 60
94 73
60 29
18 82
87 60
93 34
24 39
96 65
51 48
89 15
26 43
95 41
33 51
31 81
16 74
16 89
80 4
44 23
5 63
36 75
70 45
99 74
10 56
67 61
76 56
58 24
11 40
34 30
43 37
25 87
26 93
53 33
19 21
88 21
90 87
85 64
82 48
85 19
57 19
2 21
18 87
34 88
86 92
60 88
26 18
90 57
86 47
93 57
48 81
36 52
33 22
49 9
75 1
21 59
77 35
75 45
70 48
90 8
93 69
78 29
53 72
22 76
78 79
52 1
34 15
23 30
53 70
96 43
61 65
33 12
42 74
88 89
58 59
24 65
78 96
70 34
42 12
6 99
44 93
43 86
10 59
41 89
6 52
74 16
1 74
24 80
77 19
92 74
48 36
38 10
75 82
42 76
24 99
92 97
91 17
76 62
74 37
10 12
21 65
87 30
45 94
98 17
32 82
3 54
51 3
67 19
62 98
21 77
31 64
74 68
7 23
49 19
51 37
47 7
44 15
59 52
55 94
81 16
42 51
19 24
67 72
50 71
7 43
76 22
90 95
40 12
85 12
78 96
34 54
4 37
71 49
18 12
3 59
10 87
11 40
72 16
78 81
16 45
89 95
34 58
63 22
20 65
2 60
53 73
50 72
34 67
38 66
71 97
93 73
91 81
62 17
84 90
73 45
45 47
24 79
65 18
6 31
18 6
58 83
11 72
41 5
68 57
3 6
25 90
77 44
39 50
6 17
49 47
88 6
52 33
15 40
23 69
51 73
3 19
48 79
59 4
32 28
37 91
37 44
39 87
10 82
54 71
70 7
49 41
33 88
51 83
80 11
4 13
80 82
27 28
95 54
7 31
17 13
37 46
56 81
7 33
9 26
44 9
40 34
1 43
42 20
84 94
26 53
44 80
35 93
0 1
2 5
6 7
9 10
11 12
16 18
21 24
25 26
28 29
30 31
33 34
35 36
38 41
42 44
45 46
48 50
51 53
55 57
59 60
62 64
65 66
67 70
71 73
76 78
80 81
83 86
87 88
91 94
95 97